[[121.32831875,31.55025], [121.313446,31.569078], [121.29176866666666,31.595125]]
[[121.32831875,31.55025], [121.3103,31.565813], [121.29463,31.587473], [121.2773,31.605759], [121.25786,31.623795], [121.239655,31.63786], [121.21812,31.653158], [121.20102,31.66546], [121.18468,31.677729], [121.163216,31.689451], [121.141045,31.700516], [121.129425,31.709377], [121.11541,31.722855], [121.10003,31.738186], [121.07508,31.75335], [121.050285,31.765062], [121.014336,31.773533], [121.00059,31.775743], [120.98964,31.777082], [120.97229,31.777046], [120.95367,31.778585], [120.80912,32.00245]]
[[119.548215,32.2302095], [119.55049,32.225616], [119.55158,32.215702], [119.551926,32.20397], [119.55308,32.200012], [119.55445,32.19794], [119.56308,32.192035000000004]]
[[119.548215,32.2302095], [119.4139,32.256336], [119.43644,32.266563], [119.46245,32.271862], [119.4856,32.271015], [119.505684,32.26434], [119.52234,32.251347], [119.53384,32.244015], [119.39227,32.237354]]
[[119.548215,32.2302095], [119.540115,32.23562], [119.5208,32.24941], [119.50301,32.262447], [119.48403,32.268444], [119.46189,32.269173]]
[[119.56308,32.192035000000004], [119.567726,32.191296], [119.58043,32.189297], [119.59147,32.1886], [119.606834,32.190594], [119.62618,32.1943535]]
[[119.56308,32.192035000000004], [119.567635,32.192413], [119.58047,32.190453], [119.5925,32.189907], [119.60628,32.191723], [119.617355,32.193817], [119.630875,32.197884], [119.64471,32.202225], [119.66054,32.213203], [119.67093,32.225185], [119.67431,32.232487], [119.68152,32.251072], [119.6882875,32.257109]]
[[119.56308,32.192035000000004], [119.56495,32.1897], [119.555504,32.19285], [119.549774,32.198933], [119.54968,32.204197], [119.549095,32.21567], [119.54765,32.22554], [119.542854,32.230396], [119.53711,32.236042], [119.51958,32.247837], [119.50087,32.261814], [119.483795,32.267467], [119.4783,32.26754], [119.46189,32.269173]]
[[119.39227,32.237354], [119.383896,32.22931], [119.37954,32.224964]]
[[119.39227,32.237354], [119.037544,32.1969], [119.05506,32.213867], [119.07311,32.23714], [119.08694,32.245197], [119.10204,32.247375], [119.131096,32.249527], [119.15914,32.247128], [119.189,32.239723], [119.217384,32.229015], [119.23661,32.217762], [119.25116,32.208824], [119.27502,32.1951], [119.28626,32.192554], [119.29038,32.191975], [119.31664,32.192047], [119.34,32.195072], [119.35922,32.202553], [119.38175,32.224876], [119.01772,32.183754]]
[[119.86240699999999,32.26735], [119.877556,32.255974], [119.888916,32.232777], [119.8914,32.222248]]
[[119.86240699999999,32.26735], [119.7357,32.321922], [119.739494,32.323338], [119.75859,32.329887], [119.76735,32.329163], [119.7864,32.32561], [119.80983,32.318573], [119.8342,32.301964], [119.85249,32.28233], [119.72249,32.312782]]
[[119.86240699999999,32.26735], [119.90905,32.102608], [119.90326,32.117424], [119.89778,32.13286], [119.88921,32.155956], [119.88472,32.18372], [119.879456,32.21253], [119.875305,32.234665], [119.868774,32.252213], [119.9181525,32.0918475]]
[[119.86240699999999,32.26735], [119.85116,32.277718], [119.831215,32.299656], [119.80815,32.315456], [119.78621,32.32255], [119.768555,32.32654], [119.75877,32.326397], [119.75375,32.32542], [119.738655,32.319622], [119.72442,32.309937], [119.71831,32.303116], [119.71354,32.295822], [119.70595,32.28482], [119.70156,32.27645], [119.695145,32.264244], [119.6882875,32.257109]]
[[119.8914,32.222248], [119.894,32.21186], [119.89795,32.196247], [119.901726,32.17649], [119.905716,32.15753], [119.91065,32.134693], [119.91548,32.12001], [119.91958,32.10481], [119.9181525,32.0918475]]
[[119.8914,32.222248], [119.89661,32.21315], [119.900314,32.196804], [119.90495,32.17637], [119.90845,32.159412], [119.91136,32.145546], [119.91492,32.131676], [119.92032,32.114826], [119.92229,32.10523], [119.92444,32.092503], [119.92658,32.082905], [119.9327,32.066975], [119.93970200000001,32.0453165]]
[[119.62618,32.1943535], [119.64709,32.20121], [119.66209,32.211987], [119.66869,32.220047], [119.67226,32.225197], [119.674446,32.22832], [119.67571,32.231083], [119.67764,32.235874], [119.67986,32.24164], [119.68372,32.250183], [119.68803,32.258244], [119.691376,32.26463], [119.69826,32.277645], [119.70278,32.285587], [119.71066,32.29674], [119.715805,32.303658], [119.72249,32.312782]]
[[119.62618,32.1943535], [119.6869,32.24837], [119.68147,32.23731], [119.67798,32.22817], [119.67624,32.224815], [119.67287,32.219673], [119.66641,32.21078], [119.65139,32.199562], [119.6882875,32.257109]]
[[119.72249,32.312782], [119.68989,32.26584], [119.69638,32.278164], [119.70075,32.285713], [119.708824,32.29696], [119.71411,32.304256], [119.71789,32.30931], [119.6882875,32.257109]]
[[121.25935,31.626657], [121.27827,31.609804], [121.29176866666666,31.595125]]
[[121.25935,31.626657], [121.05287,31.76985], [121.07828,31.757736], [121.10275,31.742353], [121.11932,31.725845], [121.14547,31.70145], [121.1647,31.691637], [121.18586,31.679708], [121.20216,31.668169], [121.22036,31.655172], [121.2414,31.64055], [121.01412,31.776623]]
[[120.366465,31.999159333333335], [120.42353,32.024513], [120.39958,32.016296], [120.44520499999999,32.03081]]
[[120.366465,31.999159333333335], [120.613045,31.993462], [120.584015,32.000393], [120.55616,32.010803], [120.53582,32.01772], [120.503624,32.029217], [120.47564,32.031548], [120.45997,32.03064], [120.44392,32.027508], [120.42624,32.02329], [120.4129,32.01837], [120.40131,32.013424], [120.39265,32.008327], [120.383896,32.003597], [120.6237505,31.99695475]]
[[120.366465,31.999159333333335], [120.30853,31.962849], [120.31773,31.968496], [120.3295,31.975632], [120.34583,31.987001], [120.35622,31.994137], [120.30141833333334,31.95562666666667]]
[[120.366465,31.999159333333335], [120.37146,32.005917], [120.37867,32.011883], [120.387566,32.02], [120.39899,32.02837], [120.41141,32.038143], [120.42171,32.04593], [120.43269,32.05335], [120.44437,32.06026], [120.45631,32.06519], [120.47021,32.06941], [120.484024,32.07268], [120.502846,32.073517], [120.51401,32.07257], [120.52053,32.070316]]
[[121.29176866666666,31.595125], [121.08067,31.767288], [121.10668,31.764223], [121.13371,31.759552], [121.16176,31.754562], [121.189224,31.743248], [121.205444,31.732225], [121.22788,31.715075], [121.24354,31.69638], [121.2685,31.654333], [121.2771,31.635113], [121.287224,31.613056], [121.28963,31.6081], [121.05738500000001,31.7648525]]
[[119.9181525,32.0918475], [119.92399,32.08218], [119.93026,32.066853], [119.94051,32.04505], [119.95216,32.028236], [119.9647,32.013462], [119.98129,32.000526], [119.99731,31.98693], [120.023026,31.972734], [120.045906,31.964762], [120.060265,31.960775], [120.084145,31.95408], [120.10827,31.947363], [120.129196,31.942125], [120.15142,31.937517], [120.17962,31.933838], [120.20937,31.931982], [120.22967,31.933437], [120.23795,31.935843], [120.24846,31.938993], [120.2558,31.941833], [120.2677825,31.945016000000003]]
[[119.9181525,32.0918475], [119.92667,32.064915], [119.919685,32.081463], [119.93970200000001,32.0453165]]
[[120.2677825,31.945016000000003], [120.28058,31.951838], [120.30141833333334,31.95562666666667]]
[[120.2677825,31.945016000000003], [120.257935,31.939322], [120.25042,31.936695], [120.23011,31.93019], [120.20908,31.92866], [120.17924,31.930735], [120.15143,31.93445], [120.12861,31.939308], [120.1083,31.944057], [120.08482,31.950941], [120.06168,31.957138], [120.045494,31.96173], [120.021286,31.96981], [119.99669,31.983034], [119.97812,31.999102], [119.96135,32.01196], [119.947014,32.028915], [119.93970200000001,32.0453165]]
[[120.44520499999999,32.03081], [120.45911,32.037666], [120.474556,32.03912], [120.5021,32.036896], [120.53738,32.023945], [120.55932,32.01595], [120.58946,32.006435], [120.6237505,31.99695475]]
[[120.44520499999999,32.03081], [120.31363,31.957867], [120.32951,31.960869], [120.336296,31.962543], [120.35072,31.965862], [120.36737,31.96913], [120.38509,31.97095], [120.3983,31.97138], [120.4086,31.970905], [120.4205,31.970432], [120.427284,31.970451], [120.43557,31.972599], [120.44192,31.97562], [120.44471,31.977623], [120.45037,31.983877], [120.4531,31.991081], [120.45385,31.997538], [120.447,32.00987], [120.44254,32.018322], [120.30141833333334,31.95562666666667]]
[[120.44520499999999,32.03081], [120.58533,32.00204], [120.556915,32.012012], [120.53645,32.01953], [120.50321,32.03138], [120.47519,32.03349], [120.46026,32.032833], [120.61369,31.995455]]
[[120.75459,32.008007], [121.04887,31.762249], [121.01354,31.771555], [121.00032,31.773964], [120.98917,31.77524], [120.97222,31.774792], [120.95308,31.776909], [120.93424,31.783913], [120.92373,31.795326], [120.91208,31.812778], [120.90154,31.828524], [120.89351,31.844267], [120.88683,31.864815], [120.880806,31.88966], [120.87746,31.906992], [120.867195,31.929537], [120.85792,31.94843], [120.84892,31.96475], [120.834915,31.980389], [120.82089,31.99194], [120.80915,32.000015], [120.78717,32.006077], [120.76417,32.00757], [121.05738500000001,31.7648525]]
[[120.75459,32.008007], [120.76399,32.00967], [120.78801333333335,32.011743333333335]]
[[120.75459,32.008007], [120.73521,32.005646], [120.72388,32.00419], [120.709366,32.002224], [120.697525,32.000988], [120.686966,31.999239]]
[[120.6237505,31.99695475], [120.6538,31.998661], [120.67148,32.00121], [120.683205,32.002956], [120.69771,32.004482], [120.72372,32.007687], [120.76373,32.013454], [120.78801333333335,32.011743333333335]]
[[120.6237505,31.99695475], [120.675514,31.996956], [120.65483,31.993752], [120.63451,31.992151], [120.686966,31.999239]]
[[120.6237505,31.99695475], [120.526024,32.06726], [120.53847,32.058605], [120.55715,32.048897], [120.567795,32.040314], [120.58153,32.02656], [120.59276,32.01649], [120.61336,32.003315], [120.52053,32.070316]]
[[121.05738500000001,31.7648525], [120.80835,32.008884], [120.82608,31.99656], [120.842064,31.983685], [120.860954,31.963017], [120.86556,31.949476], [120.87406,31.93159], [120.88458,31.908457], [120.89213,31.887539], [120.896774,31.865313], [120.90211,31.845314], [120.90801,31.831112], [120.91761,31.816874], [120.928955,31.800215], [120.93771,31.790657], [120.954704,31.783216], [120.97271,31.783176], [120.98953,31.781425], [120.999054,31.78033], [121.01442,31.778725], [120.78801333333335,32.011743333333335]]
[[120.78801333333335,32.011743333333335], [120.80887,32.00594], [120.82488,31.994896], [120.84025,31.982433], [120.85765,31.962978], [120.86305,31.94949], [120.87181,31.930883], [120.88219,31.908133], [120.88905,31.886608], [120.89425,31.86407], [120.89965,31.844898], [120.90619,31.830479], [120.91573,31.815931], [120.92738,31.79875], [120.93658,31.788622], [120.95416,31.781551], [120.97167,31.78075], [120.99019,31.779505], [121.001335,31.7783], [121.01412,31.776623]]
[[120.80912,32.00245], [120.92545,31.796621], [120.91399,31.813564], [120.90328,31.829218], [120.89568,31.844538], [120.88954,31.865137], [120.884125,31.888609], [120.87951,31.907465], [120.869194,31.930079], [120.86011,31.948643], [120.85242,31.963871], [120.83776,31.98077], [120.82277,31.993164], [120.93534,31.785679]]
[[119.21722,32.231625], [119.24266,32.233498], [119.26245,32.23604], [119.288376,32.237564], [119.32413,32.235165], [119.35168,32.229427], [119.36644,32.227684], [119.37954,32.224964]]
[[119.21722,32.231625], [119.02783,32.192165], [119.0364,32.1985], [119.05412,32.21468], [119.063446,32.227158], [119.07196,32.238033], [119.08553,32.247185], [119.10218,32.24871], [119.13135,32.250957], [119.15934,32.248684], [119.189125,32.241497], [119.01772,32.183754]]
[[120.61369,31.995455], [120.67154,31.998293], [120.65428,31.99582], [120.6348,31.994217], [120.686966,31.999239]]
[[119.93970200000001,32.0453165], [119.932625,32.047543], [119.918365,32.053337], [119.910576,32.056553], [119.90453,32.059444], [119.8989,32.06156], [119.89303,32.06429], [119.88497,32.07232], [119.87482,32.081665], [119.86244,32.089626], [119.85034,32.09722], [119.83627,32.104256], [119.82157,32.109653], [119.81084,32.1104], [119.80018,32.1092], [119.793045,32.11081], [119.7869,32.11975], [119.78638,32.13032], [119.79077,32.143555], [119.7958,32.154816], [119.7961,32.16823], [119.79192,32.175423], [119.79154,32.180325], [119.79317,32.183628], [119.79813,32.186226], [119.803215,32.187332], [119.80977,32.188065], [119.816635,32.188698], [119.81758,32.191036], [119.817154,32.19748], [119.81552,32.201077], [119.814476,32.20437], [119.81133,32.207855], [119.80324,32.209427], [119.79155,32.207165], [119.78176,32.206177], [119.77717,32.20744], [119.77097,32.209755], [119.762405,32.21348], [119.75035,32.221355], [119.745285,32.224983], [119.73915,32.229324], [119.730446,32.238724], [119.721756,32.246716], [119.71389,32.251858], [119.70338,32.25625], [119.6882875,32.257109]]
[[118.99018799999999,32.1750165], [119.0021,32.177288], [119.01772,32.183754]]
[[118.99018799999999,32.1750165], [119.43476,32.26242], [119.41614,32.253277], [119.39511,32.235054], [119.384346,32.22308], [119.374306,32.21328], [119.3609,32.19991], [119.3397,32.19221], [119.31714,32.18945], [119.293625,32.189087], [119.2776,32.19154], [119.25013,32.206802], [119.235115,32.215153], [119.214676,32.225815], [119.18777,32.23685], [119.15842,32.244823], [119.1307,32.247074], [119.10196,32.24516], [119.08814,32.24218], [119.07545,32.235146], [119.06747,32.2252], [119.05785,32.212425], [119.03923,32.1948], [119.01928,32.181664], [119.00271,32.174698], [119.46189,32.269173]]